214 9349 8686 4455 8846 9464 6185 7704 1871 7529 7895 6952 4683 5927 8932 7705 5776 3805 5698 5393 5243 9010 6638 9978 6040 7413 9905 8334 9205 5669 5163 8469 7393 5227 5223 7341 8497 5691 7937 8215 5627 6461 9148 9111 7997 6280 7723 3492 8942 8063 3326 4331 8547 6458 7814 7432 6622 8116 7323 4849 8183 7174 7983 5522 3958 8850 9178 7968 7626 8119 9749 9577 5064 9913 7385 5723 6802 6529 9357 2960 7748 9312 7741 8332 5369 7427 4426 9684 8879 6226 5814 3634 3142 2796 6846 5847 9543 4667 3618 5977 6030 4589 6761 9810 4907 7519 6391 6819 3808 9210 8798 4935 7806 9395 5503 9500 5931 6524 6365 7721 5608 4622 9452 7711 8642 5415 4302 4102 3677 5501 4043 9621 6726 5249 4815 5807 5884 9110 7898 5486 7604 9748 4639 8156 8507 5895 4415 9936 5926 3273 7424 8972 8958 9818 8467 5006 7003 8114 6971 7955 3640 8372 6272 9161 3796 9439 6492 8976 5281 4151 5913 4214 8751 9274 9784 4283 7869 9718 6189 5324 4916 6722 6874 3087 6505 8646 7683 6870 8202 7733 3954 7645 5037 3128 8900 5749 6353 4644 9453 3860 7273 5513 4486 6859 8539 9783 3916 3469 6366 4607 6447 8218 8144 7982 8546 6669 7756 7047 4844 6095 5102 8353 4419 9738 9687 6217 3964 8804 7001 3256 9678 2794 8525 7797 8773 5138 4374 9527 4953 8178 4468 3658 6510 9531 6826 8488 6504 4996 2266 9282 6656 2063 6961 7160 9442 3832 8157 8419 5101 9372 6590 7079 6612 8422 9414 9530 5751 6214 8261 8912 9982 4521 9671 8062 8506 8675 5707 6670 7507 2957 4809 2465 8691 4690 4744 7667 4823 5092 8429 7875 4850 3586 8718 6576 3508 6279 8175 7953 1985 4958 9560 6438 7138 9409 9188 9626 4546 3348 9802 8454 3784 9062 9895 9326 9048 9331 3812 5854 7473 9347 5239 9043 6317 6153 6644 9589 3491 9479 6700 4142 7827 5174 9046 8988 2556 8734 8105 4840 3575 4735 8805 105
226 6002 8593 9874 7894 9692 9986 7572 4267 6838 7750 2944 6566 9339 6969 7162 7999 7488 4835 8054 7929 7974 6491 9727 4700 6179 3433 3868 7562 4393 9625 8767 6011 8763 8816 4343 5485 8433 7516 6329 5181 9725 6049 9242 6647 8948 7558 9645 8818 9876 6610 5551 8296 6604 9900 4911 8232 7822 6684 6824 8005 3585 8943 8596 7696 4287 5375 3721 7108 3145 6540 4224 5609 7923 4865 4081 5728 5500 1941 5647 9478 8873 4130 7005 8106 7819 4626 8866 4027 7118 7853 5074 4721 7838 4097 3384 4565 5654 8601 5203 2900 9114 9688 7591 3801 9503 9185 6241 2879 6980 7651 5176 5544 8987 4362 7738 5374 3731 7742 7703 4957 3729 6309 7015 8574 7236 7697 8684 7371 5924 2644 7740 7098 6948 5673 8379 2903 4601 3265 6038 7767 4074 2970 8725 4632 4338 8097 5257 8885 5070 7905 6334 7274 3925 6344 5272 9950 8857 3787 6728 5675 3994 3644 3058 7799 7998 5365 4976 4608 8423 6421 5904 7678 4266 9550 6097 4066 1970 5167 5865 7816 5010 4503 8821 7431 2969 9504 5047 9128 7615 5882 4834 7068 7043 6709 105
231 3287 3849 6087 9782 7916 9542 8448 9938 7173 7306 8608 9248 7835 5820 5853 9013 9276 7553 4115 6488 3230 4611 4274 8366 4114 5724 9634 9189 3083 7580 5283 8916 9523 7096 9882 9366 4527 9885 4817 9307 5152 9211 9572 2429 2553 9629 6104 5821 8690 6057 5407 5199 3039 4450 5984 6231 2679 5519 9917 4872 3540 6965 4244 9553 2555 6478 3392 8122 6396 2853 7520 8413 6393 105
180 9491 105
188 6216 105
271 7157 105
236 105
156 105
183 3110 105
221 8906 5446 8072 1319 6743 5651 4585 7325 7318 8572 2893 6307 3642 5297 3202 8781 5334 6521 9263 6822 5921 6666 2983 9915 3999 9945 8286 7301 3477 4125 9226 5577 5475 7376 9462 4824 7622 7793 8603 7034 7241 8880 8998 9281 4954 9953 7830 3235 8632 7348 9254 5876 2511 7097 7846 7387 3032 3837 7478 7486 8068 7072 8984 5099 4541 7754 6786 9314 5300 5360 9548 2897 9926 9979 7942 2912 4035 8270 9793 4782 7499 7370 7675 9670 3329 5418 3736 8126 8752 9251 4332 9233 3511 4986 9130 7801 9299 105
71 8477 4723 6078 2125 9050 8181 6376 8311 4795 1988 6594 8015 5049 9112 4012 7433 6899 3712 5068 7959 8478 1090 5451 7073 8242 4452 4443 5958 5856 4014 6569 9889 9018 5391 6724 9509 6839 5716 5273 7637 4042 6938 3172 5943 9866 9388 8406 4523 5631 6894 5148 8925 6290 9862 5552 2486 6755 5285 8299 8990 9668 2744 6162 6024 7961 9902 9204 4989 7425 3449 8185 7872 8186 8515 4009 9505 8893 9952 5636 9256 2122 8022 3780 8192 8939 6221 4706 3156 6121 8772 6782 9063 9459 3660 9600 2742 5443 7287 7730 5406 9278 9510 2046 3595 5431 3248 9965 5308 5849 8110 9853 2692 9741 8276 4590 2146 2141 7670 5427 5209 3608 9849 2797 7201 9557 7687 6703 9182 7759 4998 4485 7226 5330 9883 8566 1854 4851 6891 5459 5813 6962 5212 9990 3123 9675 8607 8967 6372 8049 8238 7534 9914 4847 4826 3090 4631 6469 4636 7149 6955 9732 4424 6957 6427 8262 9410 5564 9767 6260 5790 7787 3342 9270 4634 5218 8148 2906 3948 9000 6308 9834 3816 6452 5097 9133 4259 7373 5777 5206 7958 7481 7611 6020 6853 4103 7457 8210 9373 7410 3331 8591 6535 8851 4684 3804 4136 8083 8020 9664 4366 5093 7313 9719 5495 7907 7076 8127 5151 4188 8671 9948 4060 7837 105
88 5746 7554 7849 6453 7400 7462 6621 9058 9942 7871 6847 5892 7027 5822 8180 4767 8088 8358 7595 7700 2991 5672 5371 7111 8459 3604 4543 7449 9720 7633 7107 5290 7247 4497 8260 6766 8978 6688 6473 4774 9199 7948 7686 5231 9870 6322 5699 9806 6685 2821 9796 6749 7561 7773 6426 3797 8399 4353 9164 8451 7548 5014 9995 3219 6514 8945 2144 8895 3847 3133 8649 7512 3226 7102 9991 8814 9819 8472 7061 5529 9015 6563 8392 5911 4804 7932 6145 5653 5799 8645 5842 6358 9714 4257 8863 6982 9763 9897 4756 6298 7321 4955 4701 7497 5656 8563 7324 7139 9025 4890 4312 5860 9754 6760 6708 6717 7920 6614 8892 8564 3290 6026 6555 7844 6814 7002 3956 6103 5938 9729 8610 5215 4529 7928 4006 5382 8430 7031 8410 7437 9511 5351 8727 7718 9406 7681 7852 6220 3093 9780 8731 5481 9887 6511 9574 6357 6681 5230 9786 1660 4528 7285 6525 6068 3648 6719 3243 7547 9415 9390 8254 4168 3802 2228 2753 8960 9590 4893 4146 9271 7289 8664 9803 2573 7847 6508 8569 5395 3817 6803 9545 7175 3984 7638 8398 7378 7677 7030 7569 2950 7899 5002 7522 9983 5325 4235 9893 7815 6931 3622 8164 4323 6124 3088 6627 9240 7374 4406 3869 8921 8408 7685 5819 6303 9799 8193 5449 9417 6443 2594 8513 3191 5147 8790 8482 9071 9074 4457 4174 8447 5022 8673 9170 9673 7089 5722 7418 5514 8057 3583 4263 5135 4117 4080 6536 9359 9305 5789 6702 9450 8813 9756 5536 5803 4768 5129 7912 6430 7888 7012 9970 3242 6871 5956 9124 8938 6549 7444 8087 5276 8526 6694 6347 9864 4248 7355 7284 8961 8103 6966 5688 6370 3261 9947 3572 8855 9865 9327 7567 7054 5424 6673 8933 9539 7177 6194 6274 5952 6471 4249 6187 5288 9620 7777 9285 8755 9619 2280 8575 3856 5153 9394 6624 2924 8559 6727 105
