108 118 122 123 128 132 134 187 194 197 214 223 232 235
31 41 103 107 115 129 149 171 201 203 212 226 250 273
102 104 120 133 154 169 182 186 209 211 213 230 231 262
82 109 146 150 151 167 174 180 189 204 207 247 251 254
101 130 144 152 157 165 188 192 195 218 222 225 228 241
58 126 139 141 143 161 162 191 200 229 237 259 271 272
74 121 127 135 160 164 173 179 190 217 234 236 240 253
6 9 28 110 125 138 156 168 199 210 219 220 233 242
119 124 131 140 142 148 177 181 183 185 196 202 216 276
113 116 145 158 163 175 184 198 221 224 248 255 257 264
71 81 106 111 114 136 147 170 172 193 205 215 227 246
65 88 112 117 137 153 155 159 166 176 178 206 208 249
