232 2830 8411 8084 9306 8987 4362 7738 5374 3731 7742 2976 9225 9205 5669 5163 8469 7393 5227 5223 7341 8497 5691 7937 8215 5627 6461 9148 9111 7997 6280 7723 3492 8942 8063 3696 8218 8144 7982 8546 6669 6074 7669 8353 4419 9738 9687 6217 3964 8804 7001 6622 8116 2482 8744 7835 7635 7338 8108 8086 8380 6353 4644 9453 3860 7273 5513 4486 6859 8539 9783 3916 3469 4812 6073 9568 9625 8767 6011 8763 8816 4343 5485 8433 7516 7654 9583 7263 7991 9998 8672 1741 9730 9000 8867 7607 8170 1424 9956 5398 7958 5336 8593 9874 7894 9692 9986 7572 5101 9372 6590 7079 6612 8422 9414 9530 5751 6214 8261 8912 7003 8114 6971 7955 3640 8372 6272 9161 3796 9439 6492 8976 5281 4151 5913 4214 8751 9274 9784 4283 7869 9718 6189 5324 4916 6722 6874 3087 6505 8646 7683 6870 8202 7733 3954 7645 5037 3128 8900 5749 4385 8357 7864 5590 4394 7748 9312 7741 8332 5369 7427 4426 9684 8879 6226 5814 3634 3142 2796 6846 5847 9543 4667 3618 5977 6030 4589 6761 9810 4907 7519 6391 6819 3808 9210 8798 4935 7806 9395 5503 9500 5931 6524 6365 7721 5608 4622 9452 7711 8642 5415 4302 4102 3677 5501 4043 9621 6726 5249 4815 5807 5884 9110 7898 5486 7604 9748 4639 8156 8507 5895 4415 9936 7285 6400 8224 5097 2767 9678 2794 8525 7797 8773 5138 4374 9527 9982 4521 9671 8062 8506 8675 5707 6670 7507 2957 4809 2465 8691 4690 4744 7667 4823 5092 8429 7875 4850 3586 8718 6576 3508 6279 8175 7953 1985 4958 9560 6438 7138 9409 9188 9626 4546 3348 9802 8454 3784 9062 9895 9326 9048 9331 3812 5854 7473 9347 5239 9043 6317 6153 6644 9589 3491 9479 6700 4142 7827 5174 9046 8988 2556 8734 8105 4840 3575 4735 8805 2631 8850 9178 7968 7626 8135 5241 8859 9962 3828 4700 6179 8846 9464 6185 7704 1871 7529 7895 6952 4683 6318 7439 8413 6393 105
201 6344 5272 9950 8857 3787 6728 6000 3883 9976 7390 3393 4728 9972 8178 4468 3658 4081 5728 5500 5327 9688 7591 5270 9510 6445 6534 9774 7971 7513 8257 7093 7582 5876 5661 7705 5776 3805 6181 5173 7798 5063 4475 9422 8950 3554 9339 6969 7162 7999 7488 4835 8054 7929 4335 9405 4992 8050 7900 9089 8924 2266 9282 6656 2063 6961 7160 9442 3832 8157 8550 9291 5372 6049 9242 6647 8948 7558 9645 8818 9876 6610 5551 8296 6604 9900 4911 4889 8873 4130 7005 8106 7819 4626 8866 4027 7118 7853 5074 4721 7838 4097 3384 9856 8265 8460 4022 7184 7530 2413 5481 4325 7085 6899 7746 5620 8693 8723 7666 9448 2612 3591 4843 9363 6714 5243 9010 6638 9978 6040 3849 6087 9782 7916 8168 8375 7220 7736 5018 4287 5375 3721 7108 3145 6540 4224 5609 7923 4865 9189 3083 7580 5283 8916 9523 7096 9882 9366 4527 9885 4817 7116 6237 3865 6174 9993 9278 9582 4399 4608 8423 6421 5904 7678 4266 9550 6097 4066 1970 5167 5865 7816 5010 4503 8821 7431 2969 9504 5047 9128 7615 5882 4834 7068 7043 6709 105
262 8368 3449 8878 6222 7977 4269 1885 8183 7174 7983 5522 3455 3994 3644 3058 7799 7998 5365 5800 4917 4435 8709 9967 5323 9975 9591 3070 8885 5070 7905 6334 6547 7553 4115 6488 3230 4611 4274 8366 4114 5724 8055 9778 3322 7697 8684 7371 5924 2644 7740 7098 6948 5673 8379 2903 3801 9503 9185 6241 9663 8834 6134 5197 6039 7435 9746 9736 7229 4623 8442 6476 7822 6684 6824 8005 3585 8943 8596 105
180 9491 105
225 9961 9402 8748 105
271 7157 105
236 105
156 105
183 3110 105
255 7070 9144 6551 3739 9715 6413 3595 5431 3248 9965 5308 5849 8110 9853 2692 9741 8276 4590 1575 9175 3753 4600 4931 8263 6730 9230 7739 2931 4945 8428 5284 6315 3319 6741 2981 5314 7892 5456 6033 8340 6096 4243 5364 4177 5329 9264 7938 9989 1912 7970 6394 8930 3937 6600 8096 7274 7270 5335 5413 8479 9664 4366 5093 7313 9719 5495 7907 7076 8127 5925 7690 9954 3071 2930 9831 9804 9926 9979 6740 8971 9520 8827 5664 7196 5237 7490 5883 3941 8531 2666 7354 8640 3345 8471 3596 4162 4285 9959 105
71 4632 9666 5830 9709 3331 8591 6535 8851 4684 6020 6853 4103 7457 8210 5650 4873 8530 7146 5419 5100 9557 7687 6703 9182 7759 4998 4485 7226 5330 9883 8566 1854 4851 6891 5459 5813 6962 5212 9990 3123 9675 8607 8967 6372 8049 8238 7534 9914 4847 4826 3090 4631 6469 9729 8610 6216 7276 3308 9515 4723 6078 2125 9050 8181 6376 8939 6221 4706 3156 6121 8772 6782 9063 9459 3660 9600 2742 5443 7287 7730 5406 5309 7613 5041 2922 9354 7478 3160 5277 8288 7277 4895 6048 1778 4327 8262 9410 5564 9767 6260 5790 7787 3342 9270 4634 9637 7320 3574 4788 7072 8984 5099 4541 7754 6786 8365 7624 2801 9944 5228 3423 2879 8822 8781 5334 6521 9263 7658 9120 2444 8270 9793 4782 7499 7370 7675 9670 3329 5418 3736 8126 8752 9251 4332 9233 7221 3938 4743 8925 6290 8478 1090 5451 7073 8242 4452 4443 5958 5856 4014 6569 9889 9018 5391 6724 9509 6839 5716 5273 7637 4042 6938 3172 5943 9866 5147 8790 8482 5793 4689 8486 3270 8299 8990 9668 2744 6162 6775 8502 4213 4425 5760 9349 8686 6289 8918 8444 6873 6792 7717 2049 7876 3939 6160 6018 5064 8247 4126 3285 9345 6582 9195 9604 5275 9832 6072 6529 9735 6816 5928 4188 8671 9948 4060 7837 105
88 5746 7554 7849 6453 7400 7462 6621 9058 9942 7871 6847 5892 7027 5822 8180 4767 8088 8358 7595 7700 2991 5672 5371 7111 8459 3604 4543 7449 9720 7633 7107 5290 7247 4497 8260 6766 8978 6688 6473 4774 9199 7948 7686 5231 9870 6322 5699 9806 6685 2821 9796 6749 7561 7773 6426 5711 6447 9314 6373 3892 8319 2681 4006 5382 8430 7031 8410 7437 9511 5351 8727 7718 9406 7681 7852 6220 3093 9780 8731 4628 7830 3235 8632 7348 9071 9074 2044 8230 4009 9505 8893 9952 4636 7149 6955 9732 4424 6719 3243 7547 9415 9390 8254 3802 2228 2753 8960 9590 4893 4146 9271 7289 8664 9803 2573 7847 6508 8569 3226 7102 9991 8814 9819 8472 7061 5529 9015 6563 8392 5911 4804 7932 6145 5653 5799 8645 5842 6358 9714 4257 8863 6982 9763 9897 4756 6298 7321 4955 4701 7497 5656 8563 7324 7139 9025 4890 4312 5860 9754 6760 6708 6717 7920 6614 8892 8564 3290 6026 6555 7844 8406 4523 5631 6894 2891 7175 3984 7638 8398 7378 7677 7030 7569 2950 7899 5002 7522 9983 5325 4235 9893 7815 6931 3622 8164 4323 6124 3088 6627 9240 7374 4406 3869 8921 8408 7685 5819 6303 9799 8193 5449 9417 5166 5009 7173 7059 8783 8651 2336 8399 4353 9164 8451 7548 5014 9995 3219 6514 8945 2144 8895 3847 3133 8649 7512 2929 3550 9618 7831 8182 6742 8447 5022 8673 9170 9673 7089 5722 7418 5514 8057 3583 4263 5135 4117 4080 6536 9359 9305 5789 6702 9450 8813 9756 5536 5803 4768 5129 7912 6430 7888 7012 9970 3242 6871 5956 9124 8938 6549 7444 8087 5276 8526 6694 6347 9864 4248 7355 7284 8961 8103 6966 5688 6370 3261 9947 3572 8855 9865 9327 7567 7054 5424 6673 8933 9539 7177 6194 6274 5952 6471 4249 6187 5288 9620 7777 9285 8755 9619 2280 8575 3856 5153 9394 6624 2924 8559 6727 105
